0 0.486328 0.558333 0.057031 0.097222
0 0.491016 0.466667 0.036719 0.072222
0 0.408594 0.357639 0.021875 0.023611
0 0.436719 0.328472 0.010937 0.018056
0 0.475000 0.320139 0.010937 0.015278
0 0.374219 0.316667 0.010937 0.019444
0 0.339062 0.322917 0.012500 0.012500
0 0.204297 0.272917 0.010156 0.018056
0 0.307422 0.346528 0.005469 0.012500
0 0.316797 0.319444 0.010156 0.011111
0 0.296875 0.329167 0.012500 0.016667
0 0.171875 0.335417 0.015625 0.018056
1 0.201563 0.304861 0.020313 0.045833
1 0.350000 0.356944 0.017188 0.038889
1 0.365625 0.347222 0.014063 0.030556
1 0.385937 0.339583 0.020313 0.029167
1 0.408203 0.419444 0.032031 0.080556
1 0.437500 0.368056 0.018750 0.047222
1 0.476172 0.372222 0.017969 0.055556
1 0.467969 0.293750 0.012500 0.040278
1 0.587109 0.302083 0.022656 0.065278
0 0.580078 0.247222 0.019531 0.019444
0 0.542188 0.313194 0.014063 0.012500
0 0.562891 0.344444 0.011719 0.027778
0 0.810937 0.250694 0.014063 0.018056
1 0.813281 0.297222 0.020313 0.055556
