0 0.712500 0.872500 0.040000 0.082500
0 0.392500 0.788125 0.035000 0.046250
0 0.281250 0.790000 0.045833 0.055000
0 0.176250 0.763750 0.037500 0.050000
0 0.080000 0.518750 0.020000 0.065000
0 0.850417 0.423125 0.030833 0.046250
0 0.900000 0.517500 0.028333 0.062500
0 0.493333 0.505000 0.026667 0.052500
0 0.621250 0.432500 0.037500 0.052500
0 0.676250 0.451250 0.029167 0.030000
0 0.548750 0.416875 0.024167 0.026250
0 0.495417 0.403750 0.025833 0.020000
0 0.470000 0.383125 0.020000 0.026250
1 0.141250 0.849375 0.072500 0.101250
0 0.228750 0.315000 0.015833 0.032500
