0 0.638184 0.416016 0.077148 0.076823
0 0.298340 0.307292 0.090820 0.088542
0 0.040527 0.422526 0.079102 0.183594
0 0.743652 0.367839 0.088867 0.061198
1 0.768066 0.484375 0.088867 0.148438
0 0.568359 0.345703 0.048828 0.055990
0 0.474609 0.342448 0.048828 0.078125
0 0.425293 0.296875 0.049805 0.049479
0 0.687012 0.409505 0.026367 0.040365
1 0.524414 0.437500 0.052734 0.098958
1 0.585938 0.441406 0.064453 0.153646
0 0.902832 0.498047 0.020508 0.024740
0 0.801270 0.434896 0.020508 0.026042
1 0.904297 0.535807 0.029297 0.053385
