0 0.881964 0.674290 0.025273 0.027603
0 0.695864 0.721412 0.026996 0.033517
0 0.605399 0.635450 0.028719 0.038249
0 0.542935 0.425473 0.026134 0.034700
0 0.629954 0.522476 0.029581 0.034700
0 0.621338 0.181191 0.022688 0.033517
1 0.619615 0.234424 0.036473 0.075315
1 0.553130 0.481073 0.035612 0.069401
1 0.697588 0.784109 0.025273 0.094243
1 0.633544 0.704653 0.041930 0.067035
1 0.637995 0.577484 0.038196 0.075315
0 0.587450 0.947161 0.024411 0.028391
1 0.386847 0.750000 0.047674 0.093060
0 0.066198 0.897674 0.026134 0.022476
